1   3   0.11    0.0
2   3   0.05    0.0
2   3   0.05    0.0
2   4   0.01    0.0
2   4   0.02    0.0
3   6   0.16    0.0
3   4   0.07    0.0
4   9   0.13    0.0
5   10  0.18    0.0
5   11  0.13    0.0
6   12  0.063   0.0
6   12  0.073   0.0
6   12  0.085   0.0
6   13  0.306   0.0
6   14  0.322   0.0
7   14  0.20    0.0
7   15  0.218   0.0
8   16  0.075   0.0
8   16  0.119   0.0
8   16  0.094   0.0
8   16  0.105   0.0
8   17  0.266   0.0
8   18  0.483   0.0
8   18  0.483   0.0
8   18  0.38    0.0
9   19  0.25    0.0
11  23  0.29    0.0
11  23  0.29    0.0
12  24  0.11    0.0
12  25  0.56    0.0
12  26  0.59    0.0
13  27  0.32    0.0
13  27  0.31    0.0
14  28  0.20    0.0
14  29  0.44    0.0
14  30  0.64    0.0
15  31  0.40    0.0
16  32  0.19    0.0
18  40  1.18    0.0
20  40  0.21    0.0
21  43  1.05    0.0
23  51  1.56    0.0
23  51  1.65    0.0
25  55  1.93    0.0
28  58  0.70    0.0
27  59  2.14    0.0
28  60  1.89    0.0
29  63  1.92    0.0
30  64  2.03    0.0
29  63  2.18    0.0
32  70  2.51    0.0
32  72  3.18    0.0
32  74  3.56    0.0
33  75  3.05    0.0
33  75  3.76    0.0
32  76  3.86    0.0
34  76  3.39    0.0
34  78  3.74    0.0
34  80  3.99    0.0
34  82  4.11    0.0
39  89  3.48    0.0
39  89  4.46    0.0
39  89  2.52    0.0
40  90  3.38    0.0
40  90  4.08    0.0
40  91  4.07    0.0
40  92  3.92    0.0
42  92  3.16    0.0
41  93  4.80    0.0
40  94  4.40    0.0
42  94  4.73    0.0
42  96  5.44    0.0
42  98  5.89    0.0
42  100 6.06    0.0
45  103 5.97    0.0
47  107 4.82    0.0
49  115 7.13    0.0
49  115 6.91    0.0
50  114 6.13    0.0
50  116 6.78    0.0
50  117 7.30    0.0
50  117 7.05    0.0
50  118 6.83    0.0
50  118 7.07    0.0
50  119 7.55    0.0
50  120 7.79    0.0
50  120 7.49    0.0
50  124 8.02    0.0
50  124 6.74    0.0
52  124 8.29    0.0
52  126 8.56    0.0
53  127 6.70    0.0
53  127 8.53    0.0
53  127 5.40    0.0
52  128 8.92    0.0
52  130 9.27    0.0
55  133 8.09    0.0
55  133 9.09    0.0
56  138 8.71    0.0
57  139 8.54    0.0
58  140 10.3    0.0
59  141 8.37    0.0
59  141 7.31    0.0
59  141 6.41    0.0
59  141 7.00    0.0
59  141 6.40    0.0
58  142 10.7    0.0
60  142 8.66    0.0
60  142 9.39    0.0
60  144 9.01    0.0
62  144 8.41    0.0
60  146 11.3    0.0
60  146 9.60    0.0
60  146 9.02    0.0
62  148 9.51    0.0
60  150 10.4    0.0
62  150 10.3    0.0
62  152 10.5    0.0
63  153 10.2    0.0
62  154 10.6    0.0
65  159 10.5    0.0
65  159 12.0    0.0
64  160 12.1    0.0
67  165 11.6    0.0
67  165 13.9    0.0
71  173 12.5    0.0
73  181 10.7    0.0
73  181 14.8    0.0
74  186 14.5    0.0
76  186 13.2    0.0
76  188 16.7    0.0
76  189 16.7    0.0
76  190 15.8    0.0
76  192 16.0    0.0
79  197 14.7    0.0
79  197 15.9    0.0
79  197 15.6    0.0
82  206 15.0    0.0
82  207 14.2    0.0
82  208 14.2    0.0
82  208 17.6    0.0
82  208 13.3    0.0
83  209 15.8    0.0
83  209 13.8    0.0
90  232 20.2    0.0
90  232 22.7    0.0
92  233 19.6    0.0
92  234 23.3    0.0
92  235 24.1    0.0
92  235 22.9    0.0
92  236 20.9    0.0
93  237 20.5    0.0
93  237 24.4    0.0
92  238 20.4    0.0
92  239 23.9    0.0
94  239 19.6    0.0
